loc	Chr	Pos	rsid	A1	A2	beta.IL6	se.IL6	P.IL6	beta.IL8	se.IL8	P.IL8	beta.TNF	se.TNF	P.TNF	beta.MCP1	se.MCP1	P.MCP1	beta.CRP	se.CRP	P.CRP	beta.ra	se.ra	P.ra
7:115654075	7	115654075	rs10085427	C	T	-8.11623246492986e-4	3.306613226452906e-4	0.01468	-0.008447619047619048	0.002371428571428571	3.785e-4	-6.149659863945578e-4	1.7210884353741497e-4	3.435e-4	-8.830645161290322e-4	6.612903225806452e-4	0.1812	0.0177203	0.0109325	0.105044	-0.97	0.021051281553062077	0.147923493333698
15:87463934	15	87463934	rs10438423	C	T	0.0011442885771543085	3.226452905811623e-4	4.135e-4	0.008066666666666666	0.002314285714285714	4.872e-4	4.183673469387755e-4	1.673469387755102e-4	0.01154	4.5161290322580643e-4	6.451612903225806e-4	0.4897	0.0112533	0.0109488	0.304039	-0.99	0.02332505254072245	0.666554466276561
3:120518357	3	120518357	rs10511404	G	A	-6.673346693386775e-4	3.9078156312625254e-4	0.09896	-0.011904761904761904	0.0027904761904761904	2.007e-5	-9.088435374149659e-4	2.020408163265306e-4	6.494e-6	4.5161290322580643e-4	7.862903225806452e-4	0.551	-0.00458438	0.012156	0.706077	-1.01	0.02263472336956235	0.660223433596946
4:155576284	4	155576284	rs1074801	C	A	-0.0013547094188376752	3.206412825651303e-4	2.369e-5	-0.007666666666666667	0.0023047619047619045	8.761e-4	-2.503401360544218e-4	1.6666666666666666e-4	0.1329	-8.629032258064516e-4	6.411290322580645e-4	0.1794	-0.00683684	0.0105971	0.518824	-0.97	0.015784541764818263	0.053645769611404
11:45218043	11	45218043	rs10769125	G	A	-2.0440881763527055e-4	3.466933867735471e-4	0.576	-0.009352380952380952	0.002476190476190476	1.612e-4	-6.006802721088435e-4	1.7959183673469387e-4	8.114e-4	2.2983870967741935e-4	6.935483870967742e-4	0.733	-0.0282916	0.0124132	0.0226588	-1.03	0.02241361117125868	0.1872399853217
1:159321259	1	159321259	rs10908711	G	A	-4.468937875751503e-4	3.186372745490982e-4	0.1592	-0.0020952380952380953	0.002285714285714286	0.3603	-1.598639455782313e-4	1.6530612244897958e-4	0.3361	-0.0029758064516129034	6.370967741935484e-4	3.157e-6	0.0705574	0.0106394	3.32381e-11	-0.99	0.017954284888214187	0.575633828709484
12:87225050	12	87225050	rs11104117	G	A	0.0012004008016032065	3.5470941883767535e-4	7.771e-4	0.009323809523809524	0.0025523809523809527	2.712e-4	6.204081632653061e-4	1.8503401360544218e-4	7.966e-4	0.0017298387096774193	7.137096774193549e-4	0.01551	0.00920773	0.0118652	0.437731	-1.04	0.021984106183941896	0.0744157735550906
12:79351238	12	79351238	rs11112064	G	A	-0.0014408817635270543	3.807615230460922e-4	1.754e-4	-0.0024285714285714284	0.002695238095238095	0.3646	-5.63265306122449e-4	1.9523809523809525e-4	0.00383	-0.002536290322580645	7.620967741935483e-4	9.745e-4	-0.0156463	0.0160859	0.330717	-0.99	0.030959402297007	0.745461483838932
1:150658971	1	150658971	rs11204697	C	T	0.0010701402805611223	3.206412825651303e-4	8.535e-4	0.002314285714285714	0.002323809523809524	0.318	3.272108843537415e-4	1.673469387755102e-4	0.05158	0.0027056451612903227	6.411290322580645e-4	2.486e-5	-0.0113381	0.0107501	0.291566	-0.99	0.017954284888214187	0.575633828709484
6:155234649	6	155234649	rs1123969	G	A	5.350701402805612e-4	3.186372745490982e-4	0.091	0.008447619047619048	0.002314285714285714	2.526e-4	6.346938775510203e-4	1.673469387755102e-4	1.442e-4	0.001157258064516129	6.370967741935484e-4	0.06639	-0.00631542	0.0107698	0.557608	-1.01	0.017775489958670898	0.575630770312358
1:159375903	1	159375903	rs11265186	C	T	0.0010060120240480963	5.030060120240482e-4	0.04427	0.004638095238095238	0.003638095238095238	0.1964	3.7551020408163263e-4	2.6326530612244894e-4	0.1529	0.007	0.0010040322580645161	2.209e-12	-0.0948489	0.015671	1.42781e-9	-1.02	0.02740312464817268	0.46990033986118
1:159378594	1	159378594	rs11265187	C	T	0.0010060120240480963	5.030060120240482e-4	0.04399	0.004657142857142857	0.003638095238095238	0.1948	3.748299319727891e-4	2.6326530612244894e-4	0.1534	0.007004032258064515	0.0010040322580645161	2.171e-12	-0.0950186	0.015669	1.32847e-9	-1.02	0.02740312464817268	0.46990033986118
1:159400359	1	159400359	rs11265191	C	T	4.028056112224449e-4	3.186372745490982e-4	0.2087	0.002485714285714286	0.002314285714285714	0.2841	2.0272108843537415e-4	1.673469387755102e-4	0.2252	0.0037016129032258066	6.411290322580645e-4	8.134e-9	-0.0694975	0.0111757	5.02104e-10	-1.01	0.02263472336956235	0.660223433596946
1:159449083	1	159449083	rs11265206	C	T	-0.001092184368737475	5.050100200400801e-4	0.02949	-0.004657142857142857	0.0036571428571428566	0.1962	-4.149659863945578e-4	2.6462585034013603e-4	0.116	-0.007004032258064515	0.0010120967741935483	2.848e-12	0.0963398	0.0158648	1.26047e-9	-0.98	0.028811329382804937	0.48317381003448
1:159486640	1	159486640	rs11265218	C	T	-0.0010661322645290582	5.050100200400801e-4	0.03363	-0.0044761904761904765	0.0036571428571428566	0.2136	-4.068027210884354e-4	2.6462585034013603e-4	0.123	-0.006802419354838709	0.0010120967741935483	1.304e-11	0.0954061	0.0159632	2.28067e-9	-0.98	0.031276102574574575	0.518313624264509
4:70462621	4	70462621	rs1158439	G	A	0.0011342685370741483	3.3266533066132265e-4	6.678e-4	0.006209523809523809	0.0024095238095238093	0.01002	6.4421768707483e-4	1.741496598639456e-4	2.104e-4	5.92741935483871e-4	6.653225806451613e-4	0.3724	-0.00881198	0.0128556	0.493056	-1.02	0.022634723369562345	0.381640151611323
1:150679358	1	150679358	rs11586422	C	T	0.0010701402805611223	3.206412825651303e-4	8.535e-4	0.002314285714285714	0.002323809523809524	0.318	3.272108843537415e-4	1.673469387755102e-4	0.05158	0.0027056451612903227	6.411290322580645e-4	2.486e-5	-0.0112978	0.0107508	0.293313	-0.99	0.017954284888214187	0.575633828709484
17:76507966	17	76507966	rs11657650	G	A	5.490981963927856e-4	4.7294589178356714e-4	0.2298	0.006038095238095238	0.003457142857142857	0.08116	9.523809523809525e-4	2.496598639455783e-4	1.366e-4	0.003375	9.435483870967742e-4	3.287e-4	0.0158215	0.015002	0.291597	-0.99	0.02578982573249206	0.69675722753195
3:42909687	3	42909687	rs11715464	G	A	-5.911823647294589e-4	3.186372745490982e-4	0.06306	-0.009057142857142857	0.002323809523809524	9.651e-5	-1.6122448979591836e-4	1.6802721088435374e-4	0.3379	0.0032741935483870965	6.411290322580645e-4	3.126e-7	-0.01803	0.0109361	0.0992169	-0.99	0.02062553485436098	0.626062487619512
1:159398715	1	159398715	rs12043437	C	T	-1.8036072144288578e-5	4.6893787575150305e-4	0.9748	-0.009628571428571427	0.0033714285714285717	0.004295	-6.938775510204082e-5	2.4421768707482994e-4	0.7756	-0.0034233870967741937	9.395161290322581e-4	3.193e-4	-0.0975478	0.0163099	2.22141e-9	-0.99	0.030959402297007	0.745461483838932
1:154462360	1	154462360	rs12044132	C	T	-0.001939879759519038	5.571142284569138e-4	4.358e-4	-0.0019142857142857143	0.00399047619047619	0.6541	-1.6054421768707481e-4	2.8775510204081633e-4	0.5952	3.790322580645161e-4	0.0011169354838709677	0.743	0.108879	0.0143642	3.46807e-14	-0.95	0.029416032273212826	0.0812081005730292
1:159535626	1	159535626	rs12047264	G	A	9.619238476953907e-5	3.847695390781563e-4	0.8178	0.007838095238095238	0.0027523809523809523	0.004565	2.36734693877551e-4	1.9795918367346938e-4	0.2366	0.0037459677419354838	7.701612903225805e-4	1.873e-6	0.0917724	0.0139576	4.86991e-11	-1.02	0.02740312464817268	0.46990033986118
1:150674053	1	150674053	rs12063547	G	T	-0.0010701402805611223	3.206412825651303e-4	8.535e-4	-0.002314285714285714	0.002323809523809524	0.318	-3.272108843537415e-4	1.673469387755102e-4	0.05158	-0.0027056451612903227	6.411290322580645e-4	2.486e-5	0.0112797	0.0107496	0.294038	-1.01	0.020216676442382817	0.622589058366245
1:150686099	1	150686099	rs12072339	G	A	-0.0010701402805611223	3.206412825651303e-4	8.535e-4	-0.002314285714285714	0.002323809523809524	0.318	-3.272108843537415e-4	1.673469387755102e-4	0.05158	-0.0027056451612903227	6.411290322580645e-4	2.486e-5	0.0112797	0.0107496	0.294038	-1.01	0.020216676442382817	0.622589058366245
1:159175354	1	159175354	rs12075	G	A	-6.012024048096192e-4	3.1062124248496995e-4	0.05361	-0.011428571428571429	0.0022476190476190478	3.883e-7	-3.1428571428571427e-4	1.6258503401360544e-4	0.05379	-0.008810483870967742	6.25e-4	1.435e-44	-0.00252979	0.0106845	0.812834	-0.99	0.02062553485436098	0.626062487619512
1:150697710	1	150697710	rs12086472	G	A	0.0010701402805611223	3.206412825651303e-4	8.535e-4	0.002314285714285714	0.002323809523809524	0.318	3.272108843537415e-4	1.673469387755102e-4	0.05158	0.0027056451612903227	6.411290322580645e-4	2.486e-5	-0.0114865	0.0107517	0.285367	-0.99	0.017954284888214187	0.575633828709484
1:150715782	1	150715782	rs12089989	G	A	0.001064128256513026	3.206412825651303e-4	9.215e-4	0.0023047619047619045	0.002323809523809524	0.3203	3.2653061224489796e-4	1.6802721088435374e-4	0.05209	0.002713709677419355	6.411290322580645e-4	2.347e-5	-0.0105638	0.0107534	0.32592	-0.99	0.017954284888214187	0.575633828709484
1:159409884	1	159409884	rs12118628	G	A	0.0010060120240480963	5.030060120240482e-4	0.04407	0.004638095238095238	0.003638095238095238	0.1964	3.7551020408163263e-4	2.6326530612244894e-4	0.1528	0.007004032258064515	0.0010040322580645161	2.203e-12	-0.0948348	0.015662	1.40499e-9	-1.02	0.030046692769485597	0.509856087199507
1:154511502	1	154511502	rs12136771	C	T	0.0010440881763527055	3.1462925851703403e-4	9.007e-4	0.0011523809523809523	0.002257142857142857	0.61	1.965986394557823e-4	1.6258503401360544e-4	0.2304	6.895161290322581e-4	6.290322580645161e-4	0.2754	-0.163217	0.0110481	2.26133e-49	-1.03	0.017259859304544607	0.086790769774949
1:150660412	1	150660412	rs12403255	C	T	0.0010701402805611223	3.206412825651303e-4	8.535e-4	0.002314285714285714	0.002323809523809524	0.318	3.272108843537415e-4	1.673469387755102e-4	0.05158	0.0027056451612903227	6.411290322580645e-4	2.486e-5	-0.0113269	0.0107495	0.292014	-0.99	0.017954284888214187	0.575633828709484
14:83392203	14	83392203	rs12435500	C	T	3.8276553106212426e-4	3.1462925851703403e-4	0.2231	0.007828571428571428	0.0022761904761904764	5.72e-4	5.503401360544218e-4	1.6462585034013604e-4	8.431e-4	2.1370967741935485e-4	6.290322580645161e-4	0.7336	-0.0132843	0.0105857	0.209507	-0.99	0.02062553485436098	0.626062487619512
2:11748406	2	11748406	rs12476319	C	T	-0.0011162324649298598	3.1663326653306616e-4	4.206e-4	-0.007771428571428572	0.002257142857142857	5.364e-4	-4.5306122448979594e-4	1.6326530612244898e-4	0.005056	-0.0010080645161290322	6.370967741935484e-4	0.1157	6.84419e-4	0.0105934	0.948486	-0.98	0.020836232401598785	0.332248392726496
4:7929512	4	7929512	rs12509421	C	T	-0.0011503006012024049	3.2865731462925857e-4	4.667e-4	-0.005676190476190476	0.0023619047619047617	0.01639	-3.775510204081633e-4	1.7006802721088437e-4	0.02678	-0.0023064516129032257	6.57258064516129e-4	4.454e-4	-0.0429543	0.0107628	6.58163e-5	-0.96	0.021270818606900745	0.0549647406183617
4:175948807	4	175948807	rs12509972	C	A	0.0014509018036072145	4.228456913827656e-4	5.466e-4	0.010400000000000001	0.0030285714285714286	5.845e-4	2.782312925170068e-4	2.197278911564626e-4	0.2023	0.0012056451612903224	8.467741935483872e-4	0.1478	1.63289e-4	0.0140144	0.990704	-1.04	0.02454796737105961	0.110105897714603
4:175939626	4	175939626	rs12513233	G	A	0.001496993987975952	4.228456913827656e-4	3.631e-4	0.010580952380952382	0.003019047619047619	4.583e-4	2.979591836734694e-4	2.197278911564626e-4	0.1723	0.0012258064516129032	8.467741935483872e-4	0.142	0.00254792	0.0139822	0.855406	-1.04	0.02454796737105961	0.110105897714603
4:175952615	4	175952615	rs12640173	C	T	0.0014769539078156313	4.228456913827656e-4	4.443e-4	0.010647619047619048	0.0030380952380952377	4.425e-4	2.904761904761905e-4	2.2040816326530612e-4	0.1838	0.0012741935483870969	8.467741935483872e-4	0.1284	0.0018206	0.0139807	0.89639	-1.04	0.02454796737105961	0.110105897714603
3:124042358	3	124042358	rs12695438	C	T	0.0011803607214428858	3.1663326653306616e-4	1.897e-4	0.006152380952380953	0.002285714285714286	0.006841	5.80952380952381e-4	1.6530612244897958e-4	4.362e-4	0.0013306451612903226	6.330645161290322e-4	0.03558	-0.008272	0.0108641	0.446416	-0.99	0.017954284888214187	0.575633828709484
3:42883465	3	42883465	rs13093968	G	A	5.851703406813628e-4	3.206412825651303e-4	0.06713	0.009	0.002323809523809524	1.103e-4	1.5850340136054422e-4	1.6870748299319729e-4	0.3475	-0.0032298387096774193	6.411290322580645e-4	4.558e-7	0.0159516	0.0109068	0.143596	-1.01	0.020216676442382817	0.622589058366245
4:84924934	4	84924934	rs13116667	G	A	0.0019058116232464931	5.410821643286574e-4	5.672e-4	0.00599047619047619	0.003638095238095238	0.1023	9.380952380952381e-4	2.6326530612244894e-4	3.687e-4	0.0011653225806451612	0.0010887096774193548	0.2429	0.0144403	0.0189467	0.445969	-1.02	0.03239788029625192	0.54104587620472
1:150705755	1	150705755	rs1415148	G	A	0.0010681362725450901	3.206412825651303e-4	8.578e-4	0.002314285714285714	0.002323809523809524	0.3188	3.272108843537415e-4	1.673469387755102e-4	0.05152	0.0027056451612903227	6.411290322580645e-4	2.456e-5	-0.0113627	0.0107546	0.290721	-0.99	0.017954284888214187	0.575633828709484
3:100729651	3	100729651	rs1449302	C	T	-5.951903807615231e-4	3.226452905811623e-4	0.06396	-0.007952380952380952	0.002314285714285714	5.902e-4	-6.517006802721088e-4	1.673469387755102e-4	9.902e-5	4.5161290322580643e-4	6.451612903225806e-4	0.4893	-0.0115839	0.0106192	0.275339	-1.04	0.019632918657175653	0.0457490198879947
7:150207040	7	150207040	rs1464750	G	A	-7.17434869739479e-4	3.206412825651303e-4	0.02504	-0.007295238095238095	0.002323809523809524	0.001712	-6.027210884353741e-4	1.6802721088435374e-4	3.405e-4	-0.0021411290322580646	6.411290322580645e-4	8.397e-4	-0.0145303	0.0107628	0.176999	-0.98	0.01562337378589757	0.195973759802779
4:175950930	4	175950930	rs1479385	C	A	0.0014649298597194389	4.228456913827656e-4	4.864e-4	0.010466666666666666	0.0030285714285714286	5.45e-4	2.836734693877551e-4	2.2040816326530612e-4	0.194	0.0012298387096774193	8.467741935483872e-4	0.1403	5.86471e-4	0.0140031	0.966593	-1.04	0.02454796737105961	0.110105897714603
12:87255339	12	87255339	rs1489346	C	T	0.001188376753507014	3.5470941883767535e-4	8.595e-4	0.009342857142857144	0.0025523809523809527	2.649e-4	6.19047619047619e-4	1.8503401360544218e-4	8.153e-4	0.0017258064516129032	7.137096774193549e-4	0.01574	0.00853227	0.0118647	0.47206	-1.04	0.021984106183941896	0.0744157735550906
4:155643621	4	155643621	rs1505234	G	A	0.001400801603206413	3.226452905811623e-4	1.45e-5	0.007876190476190476	0.0023333333333333335	7.184e-4	2.578231292517007e-4	1.6870748299319729e-4	0.1256	6.814516129032257e-4	6.451612903225806e-4	0.2938	0.00767893	0.0106952	0.472771	-1.03	0.017259859304544607	0.086790769774949
3:100730492	3	100730492	rs16843148	C	T	5.951903807615231e-4	3.226452905811623e-4	0.06407	0.007952380952380952	0.002314285714285714	5.903e-4	6.517006802721088e-4	1.673469387755102e-4	9.915e-5	-4.5161290322580643e-4	6.451612903225806e-4	0.4885	0.0114907	0.01062	0.279256	-0.96	0.018512931845621246	0.0274503808744706
13:88379124	13	88379124	rs16958167	C	T	-0.0013446893787575152	5.150300601202405e-4	0.01098	-0.014619047619047618	0.0036476190476190475	5.891e-5	-8.843537414965987e-4	2.6462585034013603e-4	9.093e-4	-0.0018266129032258065	0.0010282258064516128	0.08045	-0.0044540099999999996	0.0143279	0.755905	-1.02	0.025030065295541692	0.428854340258751
12:79344826	12	79344826	rs17046094	G	A	-0.001434869739478958	3.807615230460922e-4	1.838e-4	-0.0024095238095238093	0.002695238095238095	0.36870000000000003	-5.659863945578231e-4	1.9523809523809525e-4	0.00365	-0.002532258064516129	7.620967741935483e-4	9.973e-4	-0.0159158	0.0160765	0.322172	-0.99	0.030959402297007	0.745461483838932
12:79345581	12	79345581	rs17046098	G	A	0.00143687374749499	3.807615230460922e-4	1.816e-4	0.0023904761904761907	0.002695238095238095	0.3715	5.653061224489796e-4	1.9523809523809525e-4	0.003672	0.002536290322580645	7.620967741935483e-4	9.769e-4	0.015244	0.0160594	0.342506	-1.01	0.0303448833830014	0.742981204001798
12:79357962	12	79357962	rs17046119	G	A	0.0014408817635270543	3.807615230460922e-4	1.749e-4	0.0024285714285714284	0.002695238095238095	0.3641	5.625850340136054e-4	1.9523809523809525e-4	0.003881	0.002540322580645161	7.620967741935483e-4	9.716e-4	0.0150588	0.0160912	0.349355	-1.01	0.0303448833830014	0.742981204001798
4:155643638	4	155643638	rs17374304	C	T	0.0013647294589178357	3.226452905811623e-4	2.34e-5	0.007780952380952381	0.002323809523809524	8.181e-4	2.5578231292517007e-4	1.6802721088435374e-4	0.1285	6.451612903225806e-4	6.451612903225806e-4	0.3182	0.00767561	0.0107248	0.474185	-1.04	0.017259859304544604	0.0230644285174703
16:26552582	16	26552582	rs17637903	G	A	-0.0012384769539078157	4.629258517034068e-4	0.00795	-0.012066666666666667	0.003314285714285714	2.766e-4	-8.210884353741497e-4	2.3945578231292518e-4	6.086e-4	-0.0017056451612903225	9.274193548387096e-4	0.06639	0.00109158	0.0161055	0.945963	-1.03	0.029754312174939016	0.320500842341193
1:150678071	1	150678071	rs17658705	G	T	0.0010701402805611223	3.206412825651303e-4	8.545e-4	0.002314285714285714	0.002323809523809524	0.3182	3.272108843537415e-4	1.673469387755102e-4	0.05155	0.0027056451612903227	6.411290322580645e-4	2.49e-5	-0.0112797	0.0107496	0.294038	-0.99	0.017954284888214187	0.575633828709484
4:7896866	4	7896866	rs17770213	C	T	-0.0011322645290581163	3.206412825651303e-4	4.026e-4	-0.0034952380952380955	0.0022952380952380954	0.1286	-3.4081632653061225e-4	1.6598639455782315e-4	0.03984	-0.0022903225806451613	6.411290322580645e-4	3.498e-4	-0.0453019	0.0106625	2.15067e-5	-0.96	0.01870695741978303	0.0290960686531713
4:7901040	4	7901040	rs17770321	G	A	0.0010661322645290582	3.186372745490982e-4	8.33e-4	0.0035333333333333336	0.0022952380952380954	0.1237	3.319727891156463e-4	1.6530612244897958e-4	0.04473	0.002338709677419355	6.411290322580645e-4	2.526e-4	0.0402247	0.010645	1.57655e-4	-1.05	0.019445756476501107	0.0121060068612827
14:74208827	14	74208827	rs17782152	G	A	-2.004008016032064e-4	8.877755511022044e-4	0.8666	-0.01340952380952381	0.006152380952380953	0.03004	-0.0014931972789115646	4.4081632653061224e-4	6.913e-4	-0.006955645161290322	0.0017782258064516128	1.068e-4	-0.0521784	0.0231522	0.0242149	-1.05	0.04606733084066691	0.289551728456238
12:87220089	12	87220089	rs2130177	G	T	-0.0012004008016032065	3.5470941883767535e-4	7.667e-4	-0.009323809523809524	0.0025523809523809527	2.703e-4	-6.204081632653061e-4	1.8503401360544218e-4	7.96e-4	-0.0017298387096774193	7.137096774193549e-4	0.01546	-0.00992868	0.0118677	0.402811	-0.96	0.021270818606900745	0.0549647406183617
1:159272060	1	159272060	rs2251746	C	T	3.607214428857715e-4	3.466933867735471e-4	0.3038	0.008619047619047618	0.002485714285714286	4.915e-4	3.0476190476190474e-4	1.7959183673469387e-4	0.08815	0.004383064516129033	6.935483870967742e-4	2.86e-10	-0.0791575	0.0116447	1.06464e-11	-0.99	0.02309030804613058	0.663372195125403
1:159276153	1	159276153	rs2252226	C	T	-4.0480961923847696e-4	3.186372745490982e-4	0.2046	-0.004180952380952381	0.0022761904761904764	0.06448	-1.2312925170068027e-4	1.6462585034013604e-4	0.4647	-0.0027056451612903227	6.411290322580645e-4	2.352e-5	0.0755751	0.0106504	1.28677e-12	-0.98	0.020836232401598785	0.332248392726496
1:159150246	1	159150246	rs2253114	G	T	7.855711422845691e-4	3.607214428857715e-4	0.0297	0.01141904761904762	0.0025904761904761904	1.012e-5	2.9727891156462586e-4	1.8775510204081632e-4	0.1101	0.005387096774193548	7.217741935483871e-4	6.912e-14	-0.082693	0.011947	4.47297e-12	-0.98	0.02356462248240181	0.391261372094619
1:150669952	1	150669952	rs2275236	C	T	0.0010721442885771543	3.206412825651303e-4	8.375e-4	0.0023047619047619045	0.002323809523809524	0.3209	3.2653061224489796e-4	1.6802721088435374e-4	0.05223	0.0026975806451612905	6.411290322580645e-4	2.642e-5	-0.0112797	0.0107496	0.294038	-0.99	0.017954284888214187	0.575633828709484
4:70455478	4	70455478	rs2288741	G	T	-0.0011462925851703407	3.3266533066132265e-4	5.782e-4	-0.006295238095238096	0.0024095238095238093	0.009011	-6.496598639455783e-4	1.741496598639456e-4	1.854e-4	-5.92741935483871e-4	6.653225806451613e-4	0.3714	0.00998935	0.012838	0.436505	-0.98	0.02332505254072242	0.386414654045874
1:150958977	1	150958977	rs2305814	C	T	-0.0011082164328657315	3.1663326653306616e-4	4.859e-4	-0.004980952380952381	0.0023047619047619045	0.03084	-3.9523809523809526e-4	1.6598639455782315e-4	0.01772	-0.002846774193548387	6.330645161290322e-4	7.109e-6	0.0157566	0.0108091	0.144919	-1.02	0.020018269245279424	0.322551727829364
11:115279536	11	115279536	rs2366914	C	T	-8.396793587174348e-4	3.6272545090180363e-4	0.02088	-0.009133333333333334	0.002638095238095238	5.397e-4	-6.823129251700681e-4	1.9047619047619048e-4	3.377e-4	-0.0013024193548387098	7.258064516129032e-4	0.07249	0.00429593	0.0110609	0.69773	-1.01	0.020216676442382817	0.622589058366245
15:57990909	15	57990909	rs2733617	C	T	-4.989979959919839e-4	4.088176352705411e-4	0.2096	0.010171428571428573	0.002923809523809524	4.948e-4	7.251700680272108e-4	2.1224489795918368e-4	6.648e-4	6.129032258064516e-4	8.185483870967741e-4	0.4498	0.0180215	0.0129187	0.163019	-1.04	0.02454796737105961	0.110105897714603
4:155617926	4	155617926	rs276167	G	A	-0.0014208416833667336	3.206412825651303e-4	9.57e-6	-0.008361904761904761	0.002314285714285714	3.032e-4	-3.0272108843537414e-4	1.673469387755102e-4	0.07065	-8.14516129032258e-4	6.411290322580645e-4	0.2038	-0.00703716	0.010568900000000001	0.505515	-0.97	0.015784541764818263	0.053645769611404
4:155617660	4	155617660	rs276168	G	A	-0.0014208416833667336	3.206412825651303e-4	9.567e-6	-0.008371428571428571	0.002314285714285714	3.031e-4	-3.0272108843537414e-4	1.673469387755102e-4	0.07064	-8.14516129032258e-4	6.411290322580645e-4	0.204	-0.00691195	0.0105691	0.513126	-0.97	0.015784541764818263	0.053645769611404
1:159149515	1	159149515	rs2852714	G	A	7.975951903807616e-4	3.607214428857715e-4	0.0272	0.011428571428571429	0.0025904761904761904	1e-5	2.979591836734694e-4	1.8775510204081632e-4	0.1093	0.005375	7.217741935483871e-4	7.298e-14	-0.0823586	0.0119431	5.36278e-12	-0.98	0.02356462248240181	0.391261372094619
1:150653795	1	150653795	rs2867301	C	T	0.0010701402805611223	3.206412825651303e-4	8.481e-4	0.002314285714285714	0.002323809523809524	0.3189	3.272108843537415e-4	1.673469387755102e-4	0.05179	0.0027016129032258066	6.411290322580645e-4	2.537e-5	-0.0113269	0.0107495	0.292014	-0.99	0.017954284888214187	0.575633828709484
1:159169463	1	159169463	rs3027001	C	T	-6.593186372745491e-4	3.867735470941884e-4	0.09376	-0.011123809523809524	0.0027523809523809523	5.325e-5	-3.054421768707483e-4	1.9863945578231293e-4	0.1245	-0.005705645161290322	7.78225806451613e-4	4.291e-13	0.0723463	0.0125653	8.53849e-9	-1.02	0.022413611171258764	0.376961319519549
20:3733487	20	3733487	rs3088007	G	T	4.7695390781563133e-4	4.589178356713427e-4	0.2937	0.01256190476190476	0.0033428571428571426	1.443e-4	2.741496598639456e-4	2.4217687074829932e-4	0.2511	0.0032782258064516126	9.233870967741935e-4	3.817e-4	-0.00340545	0.0117717	0.772358	-0.96	0.018512931845621246	0.0274503808744706
4:35415742	4	35415742	rs317025	C	T	-0.001062124248496994	3.186372745490982e-4	9.028e-4	0.0031904761904761906	0.002323809523809524	0.1657	-9.659863945578232e-5	1.6870748299319729e-4	0.5725	-0.0021330645161290324	6.411290322580645e-4	9.12e-4	-0.00474084	0.0106529	0.6563	-0.97	0.021051281553062077	0.147923493333698
1:150951857	1	150951857	rs3754211	G	A	0.0011302605210420842	3.1663326653306616e-4	3.544e-4	0.004276190476190477	0.0023047619047619045	0.06354	4.8095238095238095e-4	1.6666666666666666e-4	0.003797	0.0031451612903225807	6.330645161290322e-4	6.979e-7	-0.009867	0.0106423	0.353849	-0.99	0.02062553485436098	0.626062487619512
2:11750101	2	11750101	rs3762581	G	A	-0.0010981963927855713	3.186372745490982e-4	5.563e-4	-0.007723809523809524	0.002266666666666667	6.226e-4	-4.564625850340137e-4	1.6394557823129252e-4	0.004941	-0.0010201612903225805	6.370967741935484e-4	0.1124	0.00119522	0.0106443	0.910596	-0.98	0.020836232401598785	0.332248392726496
2:216818705	2	216818705	rs3770523	C	T	-0.0014048096192384768	3.9679358717434874e-4	4.455e-4	-0.007495238095238096	0.0027142857142857142	0.00614	-7.122448979591837e-4	1.9591836734693876e-4	3.976e-4	-0.0020282258064516128	7.903225806451613e-4	0.01407	0.0352397	0.0147207	0.0166714	-1.02	0.030046692769485597	0.509856087199507
7:137412542	7	137412542	rs3778803	G	T	-0.0012545090180360722	3.647294589178357e-4	6.631e-4	-0.008838095238095237	0.0025904761904761904	5.928e-4	-4.26530612244898e-4	1.8639455782312926e-4	0.0225	-0.001314516129032258	7.298387096774194e-4	0.07666	0.00329321	0.0116681	0.777759	-1.02	0.020018269245279424	0.322551727829364
1:85719610	1	85719610	rs4074156	C	T	8.917835671342685e-4	5.551102204408817e-4	0.09917	0.01604761904761905	0.004076190476190476	8.285e-5	9.748299319727892e-4	2.938775510204082e-4	9.037e-4	0.002479838709677419	0.0011169354838709677	0.0252	-0.00513354	0.0171126	0.764188	-0.99	0.02578982573249206	0.69675722753195
1:159405959	1	159405959	rs4128725	C	T	-0.0010060120240480963	5.030060120240482e-4	0.04427	-0.004638095238095238	0.003638095238095238	0.1964	-3.7551020408163263e-4	2.6326530612244894e-4	0.1529	-0.007	0.0010040322580645161	2.213e-12	0.0942163	0.0156615	1.79203e-9	-0.98	0.031276102574574575	0.518313624264509
1:154426264	1	154426264	rs4129267	C	T	-0.001276553106212425	3.4468937875751506e-4	1.887e-4	-2.2857142857142854e-4	0.0024666666666666665	0.9211	-7.551020408163266e-5	1.7755102040816327e-4	0.6571	-1.532258064516129e-4	6.895161290322581e-4	0.8442	0.230671	0.0107135	9.44614e-103	-0.93	0.016463908453462017	1.04394373060855e-5
4:70514811	4	70514811	rs4148278	G	A	0.0012945891783567136	3.5070140280561127e-4	2.166e-4	0.00658095238095238	0.002533333333333333	0.009442	7.571428571428572e-4	1.8299319727891158e-4	3.518e-5	4.07258064516129e-4	7.016129032258064e-4	0.5607	-0.0127442	0.0133851	0.341037	-0.99	0.02578982573249206	0.69675722753195
1:159582218	1	159582218	rs4233355	G	A	4.3687374749499e-4	3.246492985971944e-4	0.1829	0.004361904761904762	0.0023047619047619045	0.05803	2.2108843537414966e-4	1.6598639455782315e-4	0.1824	0.0023991935483870966	6.491935483870967e-4	2.615e-4	0.0526283	0.0110366	1.85687e-6	-0.99	0.02062553485436098	0.626062487619512
1:159290661	1	159290661	rs4269772	C	T	-5.871743486973948e-4	4.3086172344689375e-4	0.1711	-0.006990476190476191	0.0030952380952380953	0.02381	-2.789115646258504e-4	2.238095238095238e-4	0.213	-0.0061370967741935485	8.629032258064516e-4	1.014e-12	0.0745831	0.0131049	1.26221e-8	-0.99	0.02578982573249206	0.69675722753195
1:159321675	1	159321675	rs4443888	G	T	-4.4889779559118237e-4	3.186372745490982e-4	0.1564	-0.002085714285714286	0.002285714285714286	0.3614	-1.598639455782313e-4	1.6530612244897958e-4	0.3369	-0.0029758064516129034	6.370967741935484e-4	3.148e-6	0.0704981	0.0106372	3.41889e-11	-0.99	0.017954284888214187	0.575633828709484
1:150937329	1	150937329	rs4451553	C	T	0.0011903807615230462	3.2865731462925857e-4	3.172e-4	0.0032761904761904764	0.002380952380952381	0.1708	4.08843537414966e-4	1.7210884353741497e-4	0.01815	0.0028588709677419355	6.57258064516129e-4	1.475e-5	-0.0102642	0.0111417	0.356925	-1.01	0.020216676442382817	0.622589058366245
1:154418879	1	154418879	rs4537545	C	T	-0.001276553106212425	3.386773547094188e-4	1.496e-4	0	0.0024380952380952383	0.9973	-1.891156462585034e-4	1.7551020408163265e-4	0.2736	3.629032258064516e-5	6.774193548387096e-4	0.9374	0.228025	0.0106833	5.21054e-101	-0.93	0.013645072691578098	1.04652611439345e-7
1:159410975	1	159410975	rs4656236	G	A	-6.372745490981964e-4	3.687374749498998e-4	0.09169	-0.010323809523809523	0.0026095238095238094	6.845e-5	-5.224489795918367e-4	1.8843537414965986e-4	0.005459	-0.00619758064516129	7.419354838709677e-4	1.06e-16	0.0482741	0.0118162	4.40055e-5	-1.01	0.020216676442382817	0.622589058366245
1:159413824	1	159413824	rs4656237	C	T	-9.979959919839678e-4	5.030060120240482e-4	0.04582	-0.004638095238095238	0.003638095238095238	0.1965	-3.761904761904762e-4	2.6326530612244894e-4	0.1525	-0.0070120967741935485	0.0010040322580645161	1.953e-12	0.0953709	0.0156795	1.18444e-9	-0.98	0.031276102574574575	0.518313624264509
1:159723521	1	159723521	rs4656849	G	A	1.9238476953907814e-4	3.386773547094188e-4	0.5668	0.004190476190476191	0.002476190476190476	0.09083	1.0408163265306121e-4	1.7891156462585036e-4	0.5606	-0.002383064516129032	6.774193548387096e-4	4.457e-4	0.109979	0.0107852	2.05889e-24	-1.03	0.022196779844293347	0.182968408229623
1:15202204	1	15202204	rs4661540	C	T	-8.456913827655312e-4	3.7474949899799604e-4	0.02335	-0.009285714285714286	0.0027238095238095237	6.239e-4	-6.517006802721088e-4	1.965986394557823e-4	9.044e-4	-7.661290322580644e-4	7.499999999999999e-4	0.3056	0.0248712	0.0129431	0.0546605	-0.99	0.02578982573249206	0.69675722753195
20:19359461	20	19359461	rs4814847	G	A	0.0011923847695390782	3.386773547094188e-4	4.379e-4	0.010028571428571428	0.0024666666666666665	5.113e-5	3.918367346938775e-4	1.7891156462585036e-4	0.02873	0.0012338709677419354	6.814516129032257e-4	0.06966	0.00535641	0.0108891	0.622785	-0.99	0.02062553485436098	0.626062487619512
1:154411419	1	154411419	rs4845622	C	A	0.00131062124248497	3.406813627254509e-4	1.11e-4	2.0952380952380954e-4	0.0024380952380952383	0.9255	1.0136054421768707e-4	1.7551020408163265e-4	0.5504	3.1048387096774195e-4	6.85483870967742e-4	0.6669	-0.223526	0.0107273	2.3129e-96	-1.07	0.014308537410980517	2.26127861064457e-6
1:154415777	1	154415777	rs4845623	G	A	0.001316633266533066	3.366733466933868e-4	8.207e-5	-1.0476190476190477e-4	0.0024095238095238093	0.9649	2.0612244897959183e-4	1.7346938775510202e-4	0.2274	6.0483870967741935e-5	6.733870967741935e-4	0.9447	-0.221256	0.0107009	6.53826e-95	-1.07	0.01677331060275012	5.4903379450477e-5
7:155980986	7	155980986	rs6460003	C	T	-0.001118236472945892	3.206412825651303e-4	5.272e-4	-0.008114285714285715	0.002314285714285714	4.462e-4	-5.782312925170068e-4	1.673469387755102e-4	5.594e-4	-9.919354838709678e-4	6.451612903225806e-4	0.1264	-0.0220742	0.0106429	0.0380734	-1.02	0.020018269245279424	0.322551727829364
4:155576870	4	155576870	rs6536026	G	T	0.0013567134268537074	3.206412825651303e-4	2.303e-5	0.007666666666666667	0.0023047619047619045	8.764e-4	2.510204081632653e-4	1.6666666666666666e-4	0.1321	8.669354838709677e-4	6.411290322580645e-4	0.1764	0.00668921	0.0105976	0.527908	-1.03	0.0148645173785653	0.0467511460781502
4:175936490	4	175936490	rs6553853	C	A	-0.0014809619238476952	4.208416833667335e-4	4.072e-4	-0.010285714285714285	0.003019047619047619	6.413e-4	-2.816326530612245e-4	2.197278911564626e-4	0.1971	-0.0011693548387096775	8.467741935483872e-4	0.1595	-0.00342673	0.0139652	0.806166	-0.96	0.023809168314341572	0.086427878216236
4:175953212	4	175953212	rs6553857	C	T	-0.0014549098196392786	4.228456913827656e-4	5.304e-4	-0.010304761904761905	0.0030285714285714286	6.657e-4	-2.7346938775510204e-4	2.2040816326530612e-4	0.2111	-0.0012016129032258063	8.467741935483872e-4	0.1494	-0.0034169	0.0139802	0.806914	-0.96	0.026597196511328844	0.124827260005876
6:155235217	6	155235217	rs6557385	G	A	6.032064128256513e-4	3.1462925851703403e-4	0.05547	0.00797142857142857	0.002285714285714286	4.83e-4	5.945578231292517e-4	1.6530612244897958e-4	3.201e-4	0.001375	6.330645161290322e-4	0.0287	-0.0102501	0.0106234	0.334614	-1.01	0.01760022231809989	0.5718339810416
14:82056480	14	82056480	rs6574664	G	A	-1.5831663326653308e-4	3.346693386773547e-4	0.6503	-0.00879047619047619	0.0024000000000000002	2.426e-4	-5.741496598639456e-4	1.7346938775510202e-4	8.849e-4	7.78225806451613e-4	6.733870967741935e-4	0.244	-0.0189925	0.011865	0.109441	-0.97	0.023564622482401834	0.196155659215542
10:92976570	10	92976570	rs6583759	C	A	0.001755511022044088	5.430861723446893e-4	0.00106	0.014838095238095237	0.003952380952380953	1.768e-4	0.0010510204081632653	2.8639455782312925e-4	2.174e-4	0.0012096774193548385	0.0010846774193548387	0.271	-0.0243653	0.0232977	0.295643	-0.91	0.04191404369675425	0.0244427650328985
1:150661787	1	150661787	rs6587518	C	T	-0.0010681362725450901	3.206412825651303e-4	8.67e-4	-0.0023047619047619045	0.002323809523809524	0.3196	-3.258503401360544e-4	1.6802721088435374e-4	0.05262	-0.0027016129032258066	6.411290322580645e-4	2.535e-5	0.0114282	0.0107521	0.287839	-1.01	0.020216676442382817	0.622589058366245
1:44254402	1	44254402	rs6691988	G	A	0.0019899799599198396	5.831663326653307e-4	7.225e-4	0.012952380952380953	0.004142857142857143	0.001888	9.306122448979593e-4	2.9931972789115646e-4	0.00201	0.0040524193548387094	0.0011693548387096775	5.017e-4	0.0315277	0.017655	0.0741384	-0.98	0.03095940229700701	0.514043317818313
2:116575113	2	116575113	rs6722852	C	T	-0.0011583166332665331	3.2865731462925857e-4	4.149e-4	-0.008247619047619047	0.0023904761904761907	5.521e-4	-3.4081632653061225e-4	1.727891156462585e-4	0.0478	-9.233870967741935e-4	6.57258064516129e-4	0.162	-0.00101571	0.010855	0.925451	-0.98	0.020836232401598785	0.332248392726496
4:7912333	4	7912333	rs6829680	G	A	0.0011102204408817635	3.206412825651303e-4	5.196e-4	0.003457142857142857	0.0022952380952380954	0.1333	3.353741496598639e-4	1.6598639455782315e-4	0.04322	0.0022822580645161287	6.411290322580645e-4	3.692e-4	0.0457679	0.0106619	1.7658e-5	-1.04	0.019632918657175653	0.0457490198879947
4:70474310	4	70474310	rs6832167	G	A	-0.0012705410821643288	3.366733466933868e-4	1.602e-4	-0.006390476190476191	0.0024095238095238093	0.008158	-6.510204081632652e-4	1.741496598639456e-4	1.83e-4	-6.25e-4	6.733870967741935e-4	0.3615	0.0097459	0.0128594	0.448524	-0.98	0.02332505254072242	0.386414654045874
6:155246056	6	155246056	rs6899710	C	T	-4.929859719438878e-4	3.246492985971944e-4	0.1302	-0.008133333333333334	0.002352380952380952	5.237e-4	-5.938775510204082e-4	1.693877551020408e-4	4.442e-4	-0.0010725806451612903	6.491935483870967e-4	0.09949	-7.39907e-5	0.0110583	0.994661	-0.99	0.02062553485436098	0.626062487619512
8:133716772	8	133716772	rs6993371	G	A	0.00669939879759519	0.0018697394789579157	4.667e-4	0.026685714285714285	0.013428571428571427	0.06427	0.004058503401360544	9.605442176870748e-4	2.72e-5	0.006544354838709677	0.0037217741935483867	0.09426	-0.0192158	0.0382673	0.615564	-1.13	0.06553837086352741	0.0622058516768659
1:18180387	1	18180387	rs708096	G	A	8.396793587174348e-4	4.148296593186373e-4	0.04561	0.010942857142857143	0.003	2.64e-4	7.204081632653061e-4	2.1564625850340136e-4	8.769e-4	6.25e-4	8.306451612903225e-4	0.4572	0.0103204	0.0138971	0.457708	-0.99	0.02823101221620394	0.721838031703913
12:79356620	12	79356620	rs7133727	G	A	-0.0014408817635270543	3.807615230460922e-4	1.745e-4	-0.0024285714285714284	0.002695238095238095	0.3649	-5.619047619047619e-4	1.9523809523809525e-4	0.003896	-0.002536290322580645	7.620967741935483e-4	9.747e-4	-0.0152941	0.0160962	0.342027	-0.99	0.030959402297007	0.745461483838932
22:50451771	22	50451771	rs713669	C	T	0.0012044088176352706	3.1663326653306616e-4	1.537e-4	0.006142857142857143	0.0022761904761904764	0.007007	5.612244897959184e-4	1.6462585034013604e-4	6.645e-4	0.0016733870967741936	6.370967741935484e-4	0.008512	0.00486361	0.0105597	0.645097	-0.98	0.018136714715237347	0.265316866192498
13:88367073	13	88367073	rs7330888	C	T	0.001340681362725451	5.110220440881763e-4	0.01029	0.014619047619047618	0.003638095238095238	5.751e-5	8.829931972789115e-4	2.639455782312925e-4	9.209e-4	0.0017903225806451613	0.0010241935483870966	0.08426	0.00622068	0.0143014	0.663584	-0.98	0.02851821581329508	0.478688114295822
2:64690510	2	64690510	rs7355745	G	A	-0.0016913827655310623	5.59118236472946e-4	0.002782	-0.01360952380952381	0.004009523809523809	6.826e-4	-0.0010687074829931972	2.8775510204081633e-4	1.963e-4	-0.0013266129032258064	0.0011209677419354838	0.243	-1.61605e-4	0.015619	0.991745	-1.04	0.029467573245368455	0.183196010421367
1:150666797	1	150666797	rs7412396	G	A	0.0010701402805611223	3.206412825651303e-4	8.535e-4	0.002314285714285714	0.002323809523809524	0.318	3.272108843537415e-4	1.673469387755102e-4	0.05158	0.0027056451612903227	6.411290322580645e-4	2.486e-5	-0.0113399	0.010751	0.29153	-0.99	0.017954284888214187	0.575633828709484
1:150860471	1	150860471	rs7412746	C	T	-0.0011022044088176352	3.1462925851703403e-4	4.63e-4	-0.0041047619047619045	0.0022952380952380954	0.07339	-4.768707482993197e-4	1.6598639455782315e-4	0.003904	-0.0030362903225806454	6.330645161290322e-4	1.55e-6	0.00930622	0.0105125	0.376022	-1.01	0.01760022231809989	0.5718339810416
1:154407419	1	154407419	rs7518199	C	A	0.001308617234468938	3.406813627254509e-4	1.137e-4	1.9999999999999998e-4	0.0024380952380952383	0.9307	1.0136054421768707e-4	1.7551020408163265e-4	0.5507	3.185483870967742e-4	6.85483870967742e-4	0.6592	-0.223417	0.0107297	3.15216e-96	-1.07	0.014308537410980517	2.26127861064457e-6
3:147653591	3	147653591	rs7613691	G	A	-0.0033627254509018037	7.695390781563126e-4	1.164e-5	-0.019676190476190476	0.005352380952380952	2.457e-4	-8.510204081632652e-4	3.8843537414965984e-4	0.02829	-0.0023266129032258063	0.001528225806451613	0.1327	0.0286326	0.0217822	0.188681	-0.99	0.04131870610843267	0.807819973215915
11:74902048	11	74902048	rs765823	G	A	9.498997995991984e-4	8.697394789579159e-4	0.3132	0.020314285714285712	0.006190476190476191	9.836e-4	0.0015136054421768708	4.448979591836735e-4	6.422e-4	0.0016491935483870968	0.0017459677419354837	0.3508	0.0828711	0.0437159	0.0580041	-0.8	0.07987035407580341	0.00520891438152541
11:74902495	11	74902495	rs765824	C	A	9.519038076152305e-4	8.697394789579159e-4	0.3111	0.020314285714285712	0.006190476190476191	9.778e-4	0.0015136054421768708	4.448979591836735e-4	6.432e-4	0.0016532258064516129	0.0017459677419354837	0.3498	0.0827445	0.0437025	0.0583107	-0.8	0.07987035407580341	0.00520891438152541
4:155596521	4	155596521	rs767513	G	A	0.0013687374749498998	3.206412825651303e-4	1.942e-5	0.007647619047619047	0.0023047619047619045	9.107e-4	2.5850340136054423e-4	1.6666666666666666e-4	0.1211	8.548387096774194e-4	6.411290322580645e-4	0.1833	0.00696	0.0106003	0.511447	-1.03	0.0148645173785653	0.0467511460781502
4:140247315	4	140247315	rs7690553	C	T	0.0011162324649298598	3.206412825651303e-4	4.945e-4	0.006	0.002314285714285714	0.009603	4.197278911564626e-4	1.673469387755102e-4	0.01171	0.0021491935483870968	6.411290322580645e-4	7.498e-4	-0.00338009	0.010663	0.751249	-1.03	0.017259859304544607	0.086790769774949
7:14278264	7	14278264	rs7799548	G	T	-5.711422845691383e-4	4.2685370741482966e-4	0.1743	-0.011542857142857143	0.003133333333333333	2.231e-4	-7.421768707482993e-4	2.2653061224489797e-4	9.883e-4	-6.854838709677419e-5	8.548387096774194e-4	0.9218	0.0106784	0.0129409	0.409279	-1.03	0.02713785805065604	0.276061682059422
10:1168267	10	1168267	rs7899518	C	A	6.953907815631263e-4	3.386773547094188e-4	0.04683	0.009238095238095238	0.0023904761904761907	1.101e-4	6.639455782312926e-4	1.727891156462585e-4	1.255e-4	6.451612903225807e-5	6.774193548387096e-4	0.9503	-0.00196506	0.0116889	0.866494	-0.96	0.021270818606900745	0.0549647406183617
1:159163119	1	159163119	rs862990	C	T	5.911823647294589e-4	3.687374749498998e-4	0.1053	0.0044190476190476185	0.0026095238095238094	0.09098	4.312925170068027e-4	1.891156462585034e-4	0.02278	0.003596774193548387	7.419354838709677e-4	1.82e-6	0.0841666	0.0119692	2.0409e-12	-0.99	0.02309030804613058	0.663372195125403
1:159164364	1	159164364	rs862991	G	A	7.294589178356714e-4	3.6272545090180363e-4	0.04153	0.0044952380952380955	0.0025619047619047618	0.07983	4.476190476190476e-4	1.8571428571428572e-4	0.01594	0.003991935483870968	7.258064516129032e-4	6.089e-8	0.0743482	0.0118085	3.05514e-10	-0.98	0.02332505254072242	0.386414654045874
1:159168609	1	159168609	rs862996	C	T	6.312625250501002e-4	3.7074148296593185e-4	0.08486	0.004590476190476191	0.002619047619047619	0.08071	4.4081632653061224e-4	1.9047619047619048e-4	0.02056	0.0036733870967741934	7.419354838709677e-4	1.113e-6	0.0871991	0.0121198	6.27182e-13	-0.99	0.02309030804613058	0.663372195125403
1:159169641	1	159169641	rs862999	C	T	-6.472945891783568e-4	3.727454909819639e-4	0.07865	-0.004666666666666667	0.0026285714285714285	0.07602	-0.00044217687074829933	1.9047619047619048e-4	0.02054	-0.0037419354838709672	7.459677419354838e-4	7.317e-7	-0.0854841	0.0121937	2.37968e-12	-1.01	0.020216676442382817	0.622589058366245
1:159200020	1	159200020	rs863013	G	T	-3.1663326653306616e-4	3.3266533066132265e-4	0.3474	-0.006161904761904762	0.002380952380952381	0.009753	-1.8299319727891158e-4	1.7210884353741497e-4	0.2882	-0.003153225806451613	6.653225806451613e-4	2.483e-6	0.112763	0.0111816	6.5144e-24	-1.03	0.019823720491662318	0.135939842461253
6:155235639	6	155235639	rs9371835	G	A	-5.210420841683367e-4	3.186372745490982e-4	0.09905	-0.008285714285714285	0.002314285714285714	3.343e-4	-6.170068027210884e-4	1.673469387755102e-4	2.229e-4	-0.0011774193548387097	6.370967741935484e-4	0.06185	0.00508008	0.0107352	0.63606	-0.99	0.017954284888214187	0.575633828709484
6:7033860	6	7033860	rs9505008	C	T	0.0010541082164328658	3.1462925851703403e-4	8.157e-4	0.0031904761904761906	0.002266666666666667	0.1585	1.3877551020408165e-4	1.6394557823129252e-4	0.3961	0.002383064516129032	6.330645161290322e-4	1.595e-4	-0.0231765	0.010915	0.0337245	-0.98	0.01562337378589757	0.195973759802779
13:49836183	13	49836183	rs9535179	G	A	0.0014809619238476952	4.2685370741482966e-4	5.222e-4	0.004704761904761904	0.003133333333333333	0.1345	4.292517006802721e-4	2.2585034013605443e-4	0.05748	0.001657258064516129	8.508064516129033e-4	0.05101	0.0690703	0.0147867	2.99683e-6	-1.02	0.0276736334168546	0.47425231818587
16:26542295	16	26542295	rs982449	C	T	-0.001250501002004008	4.629258517034068e-4	0.007295	-0.012066666666666667	0.003314285714285714	2.723e-4	-8.557823129251701e-4	2.3945578231292518e-4	3.485e-4	-0.0017258064516129032	9.274193548387096e-4	0.06279	0.00472915	0.0156413	0.762385	-1.03	0.02713785805065604	0.276061682059422
3:64120052	3	64120052	rs9878228	G	A	-5.250501002004008e-4	3.386773547094188e-4	0.1349	-0.008361904761904761	0.0024095238095238093	5.396e-4	-6.000000000000001e-4	1.741496598639456e-4	5.802e-4	-6.330645161290322e-4	6.774193548387096e-4	0.37	0.00191768	0.0110473	0.862189	-1.02	0.020018269245279424	0.322551727829364
16:26539299	16	26539299	rs9924390	G	T	-0.0012324649298597196	4.609218436873748e-4	0.007763	-0.012047619047619048	0.003304761904761905	2.645e-4	-8.394557823129252e-4	2.3877551020408164e-4	4.34e-4	-0.0017379032258064515	9.233870967741935e-4	0.05951	0.00344167	0.0156356	0.82578	-1.03	0.02713785805065604	0.276061682059422
16:26541376	16	26541376	rs9930121	C	T	-0.0012324649298597196	4.609218436873748e-4	0.007924	-0.012047619047619048	0.003304761904761905	2.639e-4	-8.394557823129252e-4	2.3877551020408164e-4	4.324e-4	-0.001754032258064516	9.233870967741935e-4	0.05812	0.00411649	0.0156315	0.792285	-1.03	0.02713785805065604	0.276061682059422
4:140308984	4	140308984	rs998310	C	A	-0.0011002004008016032	3.206412825651303e-4	6.036e-4	-0.005914285714285715	0.002314285714285714	0.01066	-4.156462585034014e-4	1.673469387755102e-4	0.01262	-0.0021451612903225807	6.411290322580645e-4	7.761e-4	0.00278041	0.0106662	0.794344	-0.97	0.021051281553062077	0.147923493333698
